2 0.669531 0.484375 0.0484375 0.0507812
2 0.755469 0.462891 0.0984375 0.078125
2 0.496094 0.458984 0.0359375 0.0507812
0 0.539062 0.496094 0.08125 0.203125
0 0.309375 0.470703 0.025 0.0703125
0 0.2875 0.47168 0.03125 0.0878906
2 0.24375 0.470703 0.05 0.0507812
0 0.202344 0.474609 0.0234375 0.0703125
0 0.1125 0.469727 0.021875 0.0644531
0 0.09375 0.466797 0.021875 0.0703125
0 0.075 0.473633 0.025 0.0683594
0 0.0398437 0.477539 0.0234375 0.0722656
0 0.0148437 0.478516 0.0203125 0.0703125
0 0.217188 0.470703 0.025 0.0742188
0 0.180469 0.477539 0.0265625 0.0683594
